10

0 393 387 311 295 290 332 434 429 413 
393 0 209 193 295 279 381 423 466 414 
387 209 0 313 297 399 51 331 492 144 
311 193 313 0 299 342 148 132 174 182 
295 295 297 299 0 498 150 252 141 124 
290 279 399 342 498 0 81 64 439 150 
332 381 51 148 150 81 0 493 476 460 
434 423 331 132 252 64 493 0 396 379 
429 466 492 174 141 439 476 396 0 240 
413 414 144 182 124 150 460 379 240 0 

300

2 99
6 75
4 71
5 69
7 59
3 55
8 49
1 47
9 47
0 0
