10

0 63 448 206 131 114 109 484 77 333 
63 0 342 325 250 293 395 497 54 97 
448 342 0 209 311 295 456 380 210 253 
206 325 209 0 254 356 339 228 153 136 
131 250 311 254 0 121 105 420 404 210 
114 293 295 356 121 0 95 197 488 353 
109 395 456 339 105 95 0 399 51 366 
484 497 380 228 420 197 399 0 302 345 
77 54 210 153 404 488 51 302 0 323 
333 97 253 136 210 353 366 345 323 0 

285

6 96
7 80
9 75
3 74
2 69
1 58
8 52
4 51
5 13
0 0
