10

0 496 372 71 54 488 81 194 60 339 
496 0 266 190 292 335 437 362 132 388 
372 266 0 417 306 349 451 434 86 189 
71 190 417 0 461 350 334 376 300 284 
54 292 306 461 0 150 75 414 338 168 
488 335 349 350 150 0 491 475 127 442 
81 437 451 334 75 491 0 275 164 147 
194 362 434 376 414 475 275 0 189 173 
60 132 86 300 338 127 164 189 0 151 
339 388 189 284 168 442 147 173 151 0 

241

9 89
8 74
4 72
6 67
5 64
1 42
3 34
7 26
2 11
0 0
