10

0 392 409 414 89 261 124 296 443 366 
392 0 119 112 378 396 294 288 305 370 
409 119 0 486 421 106 277 449 442 129 
414 112 486 0 206 401 170 188 443 260 
89 378 421 206 0 390 336 365 181 447 
261 396 106 401 390 0 97 127 370 187 
124 294 277 170 336 97 0 72 193 282 
296 288 449 188 365 127 72 0 96 185 
443 305 442 443 181 370 193 96 0 224 
366 370 129 260 447 187 282 185 224 0 

248

2 94
8 83
1 82
6 62
4 54
9 39
7 38
3 21
5 18
0 0
