10

0 242 95 434 359 342 208 191 234 336 
242 0 251 57 159 95 256 299 294 278 
95 251 0 483 76 119 221 145 248 444 
434 57 483 0 54 488 412 455 320 245 
359 159 76 54 0 134 118 220 263 247 
342 95 119 488 134 0 214 257 300 284 
208 256 221 412 118 214 0 141 361 404 
191 299 145 455 220 257 141 0 209 193 
234 294 248 320 263 300 361 209 0 396 
336 278 444 245 247 284 404 193 396 0 

214

2 95
6 79
7 72
3 62
1 42
8 21
4 21
5 16
9 14
0 0
