10

0 96 410 393 436 479 178 103 429 200 
96 0 398 204 128 289 332 375 240 401 
410 398 0 300 402 266 368 293 454 438 
393 204 300 0 415 363 287 330 254 238 
436 128 402 415 0 187 171 273 256 181 
479 289 266 363 187 0 386 310 294 337 
178 332 368 287 171 386 0 478 71 54 
103 375 293 330 273 310 478 0 132 234 
429 240 454 254 256 294 71 132 0 354 
200 401 438 238 181 337 54 234 354 0 

290

3 96
2 83
8 81
5 78
7 76
6 54
9 47
1 30
4 22
0 0
