10

0 154 230 107 256 358 128 408 190 114 
154 0 337 167 423 134 449 492 476 459 
230 337 0 145 93 468 60 494 240 283 
107 167 145 0 107 90 406 235 337 108 
256 423 93 107 0 424 372 474 126 169 
358 134 468 90 424 0 137 298 104 266 
128 449 60 406 372 137 0 442 213 469 
408 492 494 235 474 298 442 0 191 175 
190 476 240 337 126 104 213 191 0 402 
114 459 283 108 169 266 469 175 402 0 

274

2 91
3 84
1 77
9 68
7 62
4 46
6 42
5 28
8 26
0 0
